Link_0_10 ( Gdansk Warsaw ) 0.00 0.00 0.00 156.00 ( 155.00 156.00 622.00 468.00 )
Link_0_2 ( Gdansk Kolobrzeg ) 0.00 0.00 0.00 272.00 ( 155.00 272.00 622.00 816.00 )
Link_1_2 ( Bydgoszcz Kolobrzeg ) 0.00 0.00 0.00 156.00 ( 155.00 156.00 622.00 468.00 )
Link_1_7 ( Bydgoszcz Poznan ) 0.00 0.00 0.00 186.00 ( 155.00 186.00 622.00 558.00 )
Link_1_10 ( Bydgoszcz Warsaw ) 0.00 0.00 0.00 272.00 ( 155.00 272.00 622.00 816.00 )
Link_2_9 ( Kolobrzeg Szczecin ) 0.00 0.00 0.00 237.00 ( 155.00 237.00 622.00 711.00 )
Link_3_4 ( Katowice Krakow ) 0.00 0.00 0.00 208.00 ( 155.00 208.00 622.00 624.00 )
Link_3_6 ( Katowice Lodz ) 0.00 0.00 0.00 181.00 ( 155.00 181.00 622.00 543.00 )
Link_3_11 ( Katowice Wroclaw ) 0.00 0.00 0.00 208.00 ( 155.00 208.00 622.00 624.00 )
Link_4_8 ( Krakow Rzeszow ) 0.00 0.00 0.00 250.00 ( 155.00 250.00 622.00 750.00 )
Link_4_10 ( Krakow Warsaw ) 0.00 0.00 0.00 324.00 ( 155.00 324.00 622.00 972.00 )
Link_5_8 ( Bialystok Rzeszow ) 0.00 0.00 0.00 324.00 ( 155.00 324.00 622.00 972.00 )
Link_5_10 ( Bialystok Warsaw ) 0.00 0.00 0.00 250.00 ( 155.00 250.00 622.00 750.00 )
Link_6_10 ( Lodz Warsaw ) 0.00 0.00 0.00 165.00 ( 155.00 165.00 622.00 495.00 )
Link_6_11 ( Lodz Wroclaw ) 0.00 0.00 0.00 305.00 ( 155.00 305.00 622.00 915.00 )
Link_7_9 ( Poznan Szczecin ) 0.00 0.00 0.00 142.00 ( 155.00 142.00 622.00 426.00 )
Link_7_11 ( Poznan Wroclaw ) 0.00 0.00 0.00 195.00 ( 155.00 195.00 622.00 585.00 )
Link_0_5 ( Gdansk Bialystok ) 0.00 0.00 0.00 294.00 ( 155.00 294.00 622.00 882.0